neighbourhood,demand,avg_price,total_listings,avg_availability,investment_score
Tower Hamlets,119203,430.90619883040875,4275,205.46362573099447,29.1
Lambeth,98085,345.69102518623595,2819,201.31429584959182,28.5
Kensington and Chelsea,126612,335.97587581287974,4767,206.85147891755821,27.7
Islington,95870,217.52159709618869,2755,195.93575317604379,27.7
Camden,152891,216.54182070240327,4328,207.11506469500904,27.4
Westminster,234784,342.047974413644,8442,212.36448708836724,27.3
Hammersmith and Fulham,78001,199.15817091454255,2668,204.54347826086973,25.8
Hackney,92182,161.12629921259838,3175,195.99716535433058,24.7
Southwark,99766,174.27688004971998,3218,207.95525170913635,24.6
Wandsworth,73015,198.41448023912369,3011,208.8130189305883,23.2
